74
24.9950   5.6503    0.0000  
34.0142   8.3128    0.0000  
44.7983   7.9196    0.0000  
54.8703   8.2121    0.0000  
64.9667   8.2785    0.0000  
75.1601   8.4696    0.0000  
85.3198   7.9005    0.0000  
93.3982   6.5523    0.0000  
91.9157   14.5627   0.0000  
91.0948   24.9118   0.0000  
91.9133   35.3211   0.0000  
93.3996   43.4084   0.0000  
85.2910   41.9566   0.0000  
75.0238   41.2017   0.0000  
64.4739   41.2263   0.0000  
54.2549   41.6178   0.0000  
44.2959   41.7681   0.0000  
34.2970   42.1546   0.0000  
26.3534   43.4853   0.0000  
27.1843   35.7582   0.0000  
27.2108   26.8969   0.0000  
20.2699   21.2848   0.0000  
14.3787   14.4776   0.0000  
6.5119    14.9222   0.0000  
8.0790    7.8017    0.0000  
16.9841   6.8719    0.0000  
40.3295   14.3237   0.0000  
49.2862   16.8287   0.0000  
59.9495   16.2054   0.0000  
69.6515   16.6448   0.0000  
81.0274   18.2665   0.0000  
80.9688   31.2873   0.0000  
69.2638   32.3919   0.0000  
57.9757   31.9695   0.0000  
48.7659   34.7532   0.0000  
38.0114   31.5938   0.0000  
33.2677   23.1572   0.0000  
27.8769   20.3779   0.0000  
24.5292   13.4327   0.0000  
33.4925   16.8971   0.0000  
40.4446   21.4630   0.0000  
48.4550   26.5428   0.0000  
64.3297   24.0987   0.0000  
72.8570   24.5114   0.0000  
56.0325   23.1045   0.0000  
0.0000    10.0000   0.0000  
17.3205   30.0000   0.0000  
10.0000   22.6795   0.0000  
10.0000   0.0000    0.0000  
20.0000   0.0000    0.0000  
30.0000   0.0000    0.0000  
40.0000   0.0000    0.0000  
50.0000   0.0000    0.0000  
60.0000   0.0000    0.0000  
70.0000   0.0000    0.0000  
80.0000   0.0000    0.0000  
90.0000   0.0000    0.0000  
90.0000   50.0000   0.0000  
80.0000   50.0000   0.0000  
70.0000   50.0000   0.0000  
60.0000   50.0000   0.0000  
50.0000   50.0000   0.0000  
40.0000   50.0000   0.0000  
30.0000   50.0000   0.0000  
100.0000  10.0000   0.0000  
100.0000  20.0000   0.0000  
100.0000  30.0000   0.0000  
100.0000  40.0000   0.0000  
0.0000    20.0000   0.0000  
0.0000    0.0000    0.0000  
20.0000   40.0000   0.0000  
20.0000   50.0000   0.0000  
100.0000  0.0000    0.0000  
100.0000  50.0000   0.0000
117
2 51 52
1 51 2
3 52 53
2 52 3
4 53 54
3 53 4
5 54 55
4 54 5
6 55 56
5 55 6
7 56 57
6 56 7
8 57 73
7 57 8
8 73 65
9 65 66
8 65 9
10 66 67
9 66 10
11 67 68
10 67 11
12 68 74
11 68 12
12 74 58
13 58 59
12 58 13
14 59 60
13 59 14
15 60 61
14 60 15
16 61 62
15 61 16
17 62 63
16 62 17
18 63 64
17 63 18
19 64 72
18 64 19
19 72 71
20 71 47
19 71 20
22 47 48
20 47 21
21 47 22
24 48 69
22 48 23
23 48 24
24 69 46
25 46 70
24 46 25
25 70 49
26 49 50
25 49 26
1 50 51
26 50 1
8 9 7
12 13 11
19 20 18
25 23 24
25 26 23
28 3 4
27 3 28
29 4 5
28 4 29
30 5 6
29 5 30
31 6 7
30 6 31
31 7 9
31 9 10
32 10 11
31 10 32
32 11 13
32 13 14
33 14 15
32 14 33
34 15 16
33 15 34
35 16 17
34 16 35
36 17 18
35 17 36
36 18 20
36 20 21
38 21 22
36 21 37
37 21 38
39 22 23
38 22 39
39 23 26
39 26 1
39 1 2
27 2 3
39 2 40
40 2 27
34 35 42
42 36 41
42 35 36
37 41 36
37 40 41
40 38 39
40 37 38
40 27 41
30 43 29
33 44 32
44 31 32
43 44 33
44 30 31
44 43 30
34 43 33
41 28 42
41 27 28
28 45 42
28 29 45
43 45 29
45 34 42
45 43 34