23
31.5052   14.2479   0.0000  
47.1021   16.0189   0.0000 
52.3387   33.2282   0.0000  
34.1336   29.7695   0.0000  
64.7344   18.5634   0.0000  
67.6822   35.4275   0.0000  
82.2095   25.7793   0.0000  
14.1421   25.8579   0.0000  
20.0000   0.0000    0.0000
40.0000   0.0000    0.0000
60.0000   0.0000    0.0000
80.0000   0.0000    0.0000
80.0000   50.0000   0.0000  
60.0000   50.0000   0.0000  
40.0000   50.0000   0.0000  
100.0000  16.6667   0.0000
100.0000  33.3333   0.0000
0.0000    20.0000   0.0000
0.0000    0.0000    0.0000
20.0000   40.0000   0.0000  
20.0000   50.0000   0.0000  
100.0000  0.0000    0.0000
100.0000  50.0000   0.0000
28
1 4 8
2 1 10
4 2 3
4 1 2
3 15 4
3 14 15
4 20 8
20 15 21
20 4 15
5 11 12
11 2 10
2 5 3
2 11 5
14 6 13
6 3 5
6 14 3
17 7 16
13 17 23
7 13 6
7 17 13
16 12 22
16 7 12
5 7 6
5 12 7
10 1 9
9 18 19
8 9 1
8 18 9